lime : [16, [[2, 10], [3, 6]]]
use : [13, [[0, 3], [2, 2], [3, 4], [6, 1], [8, 3]]]
hemp : [13, [[6, 13]]]
concret : [12, [[0, 4], [3, 2], [5, 2], [8, 4]]]
stain : [12, [[0, 3], [5, 6], [8, 3]]]
http : [12, [[3, 1], [4, 5], [6, 5], [7, 1]]]
subject : [10, [[0, 1], [1, 1], [2, 1], [3, 1], [4, 1], [5, 1], [6, 1], [7, 2], [8, 1]]]
thi : [10, [[0, 1], [2, 3], [3, 1], [5, 1], [6, 3], [8, 1]]]
cement : [10, [[2, 2], [3, 4], [5, 4]]]
$ : [10, [[3, 1], [5, 9]]]
color : [8, [[0, 1], [5, 6], [8, 1]]]
roman : [8, [[2, 2], [3, 6]]]
issu : [8, [[2, 3], [6, 4], [7, 1]]]
book : [6, [[0, 1], [2, 1], [3, 3], [8, 1]]]
year : [6, [[3, 2], [6, 4]]]
recommend : [5, [[0, 1], [2, 1], [3, 2], [8, 1]]]
moor : [5, [[2, 1], [3, 4]]]
build : [5, [[2, 2], [3, 2], [4, 1]]]
site : [5, [[3, 2], [7, 3]]]
tile : [5, [[5, 5]]]
yd : [5, [[5, 5]]]
part : [5, [[6, 5]]]
3 : [4, [[0, 2], [8, 2]]]
mix : [4, [[0, 1], [5, 2], [8, 1]]]
chemic : [4, [[0, 2], [8, 2]]]
wa : [4, [[0, 1], [5, 2], [8, 1]]]
hi : [4, [[0, 1], [1, 1], [5, 1], [8, 1]]]
hous : [4, [[0, 1], [5, 2], [8, 1]]]
crest.org : [4, [[2, 2], [6, 1], [7, 1]]]
david : [4, [[2, 1], [3, 3]]]
make : [4, [[2, 2], [3, 1], [7, 1]]]
-- : [4, [[2, 1], [7, 3]]]
good : [4, [[3, 1], [6, 1], [7, 2]]]
porch : [4, [[5, 4]]]
industri : [4, [[6, 4]]]
standard : [3, [[0, 1], [1, 1], [8, 1]]]
time : [3, [[0, 1], [1, 1], [8, 1]]]
write : [3, [[0, 1], [3, 1], [8, 1]]]
one : [3, [[0, 1], [6, 1], [8, 1]]]
post : [3, [[0, 1], [6, 1], [8, 1]]]
compani : [3, [[0, 1], [5, 1], [8, 1]]]
fine : [3, [[0, 1], [7, 1], [8, 1]]]
homebuild : [3, [[0, 1], [7, 1], [8, 1]]]
work : [3, [[0, 1], [5, 1], [8, 1]]]
histori : [3, [[2, 1], [3, 2]]]
'arri : [3, [[2, 3]]]
highli : [3, [[2, 1], [3, 2]]]
's : [3, [[2, 1], [3, 1], [5, 1]]]
research : [3, [[2, 1], [3, 2]]]
develop : [3, [[2, 1], [3, 2]]]
